1.618
1.55
1.75
1.492
1.326
1.441
1.849
2.236
1.741
1.67
1.633
1.559
1.756
2.085
1.893
1.484
1.396
1.202
1.309
1.407
1.268
1.19
1.017
1.148
1.276
1.174
1.298
1.392
1.579
1.537
1.932
2.218
1.776
1.849
1.897
1.914
1.744
1.907
2.053
1.806
1.6
1.604
1.627
2.174
2.122
2.025
2.018
1.981
1.579
1.745
1.413
1.213
1.888
2.199
1.851
2.206
2.039
1.97
2.061
2.122
2.122
1.735
1.647
1.564
1.528
1.423
1.687
1.809
1.97
2.427
2.745
2.6
2.202
2.135
1.949
1.91
1.645
1.765
2.091
2.248
2.022
2.259
2.495
1.875
1.895
2.208
2.082
1.711
1.915
2.119
2.349
2.036
1.717
1.781
1.678
1.493
1.454
1.473
1.846
1.971
2.038
1.891
1.587
1.862
1.941
1.884
1.736
1.975
2.304
2.032
1.756
1.789
1.528
1.615
1.771
1.6
1.665
1.801
1.45
1.467
1.838
2.067
2.145
1.74
1.601
1.537
1.382
1.431
1.764
1.897
2.086
2.137
1.637
1.785
2
1.795
1.876
1.752
1.673
1.764
1.792
2.24
2.155
2.091
1.898
2.273
2.105
1.854
1.398
1.645
1.954
2.079
2.025
2.178
2.007
2.148
2.041
1.845
1.678
2.026
1.871
2.355
2.438
2.669
2.905
3.116
2.548
2.09
2.079
2.123
2.229
2.281
2.001
2.076
1.767
1.394
1.375
1.362
1.544
1.288
1.487
1.912
2.1
2.041
1.806
1.622
2.17
4.24
7.928
12.904
17.297
16.065
14.193
10.677
8.09
5.841
4.878
5.783
9.056
11.637
11.566
8.128
6.143
4.67
3.859
3.482
2.819
2.527
1.991
1.683
1.678
1.998
2.078
1.629
1.624
2.047
2.116
2.171
2.105
1.687
1.727
1.946
1.967
1.899
1.503
1.472
1.722
1.896
1.966
1.876
1.953
1.89
1.735
1.62
1.492
1.241
1.3
1.206
1.51
1.692
2.184
2.108
1.834
1.395
1.188
1.537
1.568
0.577
0.226
0.087
0.033
0.013
0.005
0.002
0.001
2.851E-4
1.099E-4
4.237E-5
1.634E-5
6.298E-6
2.428E-6
9.361E-7
3.609E-7
1.391E-7
5.364E-8
2.068E-8
7.973E-9
3.074E-9
1.185E-9
4.569E-10
1.762E-10
6.791E-11
2.618E-11
1.009E-11
3.892E-12
1.5E-12
5.785E-13
2.23E-13
8.598E-14
3.506E-14
1.889E-14
