1.654
1.601
1.467
1.544
1.801
1.531
1.98
2.303
1.751
1.517
1.577
1.579
1.219
1.548
1.43
1.453
1.763
1.534
1.42
1.397
1.435
1.389
1.566
1.296
1.565
1.785
2.034
2.236
2.603
2.49
2.547
2.067
1.957
1.862
2.011
1.996
1.769
1.804
1.845
1.548
1.344
1.591
1.517
1.698
1.632
1.567
1.762
1.525
1.55
2.144
2.255
2.211
2.362
2.236
2.087
2.635
2.988
2.007
2.049
2.024
1.985
2.377
2.836
2.778
2.552
2.24
1.606
1.579
1.571
1.517
1.545
1.531
1.428
1.257
1.345
1.061
1.053
1.59
1.993
1.581
1.665
1.864
1.814
1.482
1.471
1.582
1.955
2.022
1.832
1.609
2.024
2.605
2.326
2.403
2.68
2.541
2.074
2.011
2.007
1.973
1.836
1.657
1.907
2.385
2.334
1.783
1.678
2.038
1.941
2.398
2.011
1.557
1.651
1.804
1.691
1.429
1.554
1.576
1.671
1.523
1.311
1.287
1.567
1.806
1.377
1.383
1.747
1.859
1.589
1.636
2.013
2.108
2.482
2.271
1.979
2.146
1.887
1.797
1.885
1.724
1.66
2.279
2.264
1.963
1.957
1.683
1.74
2.33
2.266
2.393
1.992
1.685
1.444
1.378
1.703
1.876
1.895
1.819
1.643
1.843
1.771
2.192
1.82
1.069
1.006
1.186
1.531
1.524
1.393
1.424
1.486
1.701
1.693
1.795
1.811
2.193
1.695
1.496
1.624
1.543
1.764
2.319
2.94
3.771
4.637
4.374
4.71
6.658
11.856
17.098
18.921
16.858
13.27
9.049
5.198
3.418
3.271
5.025
8.076
9.939
9.36
6.886
5.142
3.584
2.846
2.289
2.253
1.895
1.699
1.892
2.331
2.099
2.196
2.555
2.342
2.194
2.036
2.014
2.476
2.878
2.124
1.72
1.575
1.522
1.835
1.816
1.869
1.793
1.904
1.605
1.797
2.087
1.883
1.791
1.42
1.34
1.338
1.276
1.502
1.854
1.503
1.308
1.162
1.309
1.398
1.365
1.222
0.446
0.176
0.067
0.026
0.01
0.004
0.001
0.001
2.21E-4
8.522E-5
3.285E-5
1.267E-5
4.883E-6
1.883E-6
7.258E-7
2.798E-7
1.079E-7
4.159E-8
1.604E-8
6.182E-9
2.384E-9
9.189E-10
3.543E-10
1.366E-10
5.266E-11
2.03E-11
7.827E-12
3.018E-12
1.163E-12
4.485E-13
1.729E-13
6.667E-14
2.718E-14
1.465E-14
