1.435
1.604
1.563
1.941
2.004
1.795
1.885
2.014
1.918
1.869
1.943
1.649
1.355
1.397
1.515
1.813
1.953
1.679
1.726
2.113
1.535
1.512
1.744
1.577
1.417
1.511
1.567
1.744
1.849
1.256
1.353
1.659
1.682
1.689
1.942
2.171
1.886
1.788
1.841
2.156
1.778
1.425
1.44
1.343
1.261
1.406
1.376
1.48
1.689
1.559
1.278
0.962
1.27
1.616
1.464
1.782
1.38
1.636
1.784
1.936
1.978
1.557
1.485
1.706
1.827
1.77
1.356
1.239
1.216
1.39
1.664
1.803
1.743
2.107
2.631
1.997
1.783
1.975
1.937
2.195
1.948
1.783
1.947
1.883
1.65
1.588
1.65
1.326
1.502
1.874
1.926
1.812
1.987
1.672
1.892
2.045
2.258
2.281
1.815
1.797
2.136
2.58
2.557
2.628
2.46
2.305
2.037
1.674
1.359
1.533
1.812
2.058
2.238
1.646
1.963
2.262
2.012
1.94
2.083
1.677
1.378
1.649
1.617
1.578
2.185
2.563
2.169
2.504
2.857
2.228
1.857
1.532
1.24
1.524
1.631
1.649
1.766
2.077
1.854
1.997
2.525
1.957
1.877
1.691
1.915
2.433
2.394
2.095
2.008
2.172
2.708
2.593
2.92
2.884
2.285
2.023
2.138
1.877
1.622
1.567
1.469
1.339
1.399
1.631
1.693
1.639
1.394
1.277
1.444
1.397
1.685
1.7
1.487
1.617
1.341
1.136
1.042
1.111
1.326
1.813
2.076
1.694
1.938
1.673
1.503
1.476
1.541
2.616
6.898
13.747
18.232
16.262
12.904
10.198
7.038
4.552
3.92
5.048
8.517
11.581
11.452
7.489
4.923
3.256
2.824
2.52
2.436
2.333
2.573
2.079
2.152
1.839
1.857
1.556
1.694
1.474
1.497
1.574
1.503
1.444
1.105
1.249
1.571
1.858
1.663
1.696
1.45
1.204
1.493
1.421
1.412
1.429
1.276
1.52
1.574
1.612
1.469
1.375
1.633
1.462
1.498
1.522
1.436
1.266
1.37
1.34
1.411
1.648
1.657
1.629
1.447
1.453
1.504
1.385
1.74
2.016
2.3
2.546
2.105
1.681
2.047
1.837
1.824
1.943
1.983
2.178
1.98
1.824
1.922
2.017
1.941
1.94
1.963
2.015
2.17
2.043
1.953
1.478
1.731
1.735
1.26
