1.847
1.782
1.537
2.086
2.198
1.887
1.56
1.699
2.099
2.44
1.711
1.707
1.811
1.603
1.756
1.807
1.595
1.905
2.39
2.119
1.628
1.714
1.659
2.05
2.32
1.933
1.812
2.002
1.6
1.54
1.519
1.313
1.374
1.599
1.209
1.454
1.774
1.368
1.406
1.797
1.902
1.734
1.968
1.669
1.33
1.442
1.788
1.847
1.864
1.647
1.541
1.467
1.142
1.222
1.271
1.515
1.666
1.742
1.712
1.475
1.525
1.536
1.472
1.661
1.584
1.578
1.928
1.939
1.819
1.81
2.065
1.849
2.039
2.218
2.029
2.132
2.066
1.819
2.154
2.334
2.187
1.962
2.041
1.749
1.865
1.864
1.645
1.463
1.144
1.26
1.316
1.194
1.124
1.309
1.482
1.683
1.935
1.636
1.301
1.606
1.644
1.453
1.376
1.309
1.518
1.685
1.649
1.504
1.353
1.479
1.514
1.67
1.906
2.139
1.963
1.929
1.708
1.664
1.856
1.775
2.3
2.621
2.071
2.033
1.884
1.876
1.954
1.998
1.735
1.858
2.09
1.968
1.5
1.476
1.428
1.392
1.249
1.295
1.362
1.696
1.909
2.074
1.55
1.01
1.121
1.078
0.933
1.022
1.089
1.384
1.646
1.724
1.412
1.311
1.549
1.536
1.603
1.7
1.593
1.815
1.83
1.92
1.768
2.198
2.136
1.863
1.497
1.648
1.566
1.615
1.673
2.042
2.153
1.988
1.939
1.845
1.776
1.525
1.584
1.803
1.292
1.317
1.452
1.63
1.753
1.998
2.311
3.507
7.475
13.263
18.102
15.857
13.035
10.451
9.167
6.233
5.546
6.276
8.011
11.069
10.811
8.522
4.765
3.305
2.557
2.157
1.908
2.171
2.356
2.455
2.137
1.934
1.89
1.699
1.632
1.783
1.721
1.715
1.927
1.798
1.423
1.698
1.914
1.51
1.647
1.637
1.786
2.064
1.89
2.087
2.222
2.239
1.908
1.73
1.859
1.559
1.581
1.621
1.686
1.648
1.76
1.878
1.982
2.017
1.68
1.39
1.625
1.616
1.334
1.24
1.433
2.018
2.168
2.323
1.995
1.416
1.534
2.103
2.32
2.109
1.822
1.906
1.972
1.853
1.635
1.471
1.815
1.878
1.629
1.675
1.666
1.456
1.79
2.271
2.053
1.742
1.86
2.115
2.289
1.914
1.105
