1.686
1.939
2.22
2.243
2.397
1.916
1.765
1.742
2.127
2.01
1.504
1.593
2.072
2.079
1.606
1.522
1.673
1.759
1.737
1.857
1.941
1.942
1.993
1.53
1.123
1.169
1.141
1.134
1.068
1.182
1.118
1.479
1.758
1.671
1.495
1.491
1.091
1.196
1.734
2.109
1.759
2.072
1.905
1.559
1.463
1.558
1.64
1.679
1.555
1.333
1.566
1.754
1.635
1.373
1.49
1.745
1.621
1.612
1.501
2.049
1.896
1.748
1.427
1.318
1.611
1.629
1.376
1.493
1.672
1.61
1.792
2.15
1.598
1.95
2.258
2.419
2.417
2.066
1.643
1.655
1.476
1.749
1.987
1.809
1.819
2.031
1.965
1.764
1.553
1.561
2.042
2.536
2.753
2.601
2.366
2.493
2.139
1.848
1.803
1.573
1.631
1.805
1.727
2.041
2.512
1.934
1.691
2.033
1.802
1.443
1.765
1.803
1.862
2.482
1.887
1.907
2.266
2.224
1.916
2.208
2.287
1.915
1.871
1.712
1.864
2.171
1.661
1.525
1.669
2.028
2.071
1.935
1.831
1.728
1.811
1.717
1.418
1.429
1.543
1.409
1.565
1.782
1.655
1.45
1.431
1.529
1.603
1.924
2.107
2.17
1.892
1.702
1.771
1.557
1.592
2.015
2.303
1.992
1.96
1.897
2.01
2.116
1.76
1.526
1.872
1.662
1.633
1.192
1.441
1.714
1.774
1.607
1.325
1.371
1.66
1.812
1.829
1.587
1.64
2.158
2.023
1.946
2.753
3.745
4.763
4.56
4.154
3.831
2.876
2.462
1.902
1.65
1.966
2.003
1.746
1.511
1.388
1.222
1.384
1.37
1.342
1.478
1.637
1.476
1.745
2.241
1.835
1.472
1.44
1.751
1.794
2.047
2.231
2.4
2.333
2.109
1.799
1.593
1.925
2.311
2.479
1.96
1.853
1.993
2.173
2.789
2.55
2.025
1.758
1.504
1.687
2.194
1.921
1.652
1.758
1.756
2.113
2.482
2.327
1.901
2.099
2.42
2.265
2.195
2.028
1.483
1.185
0.7
0.235
0.096
0.036
0.014
0.005
0.002
0.001
3.097E-4
1.194E-4
4.603E-5
1.774E-5
6.841E-6
2.637E-6
1.017E-6
3.92E-7
1.511E-7
5.827E-8
2.246E-8
8.661E-9
3.339E-9
1.287E-9
4.963E-10
1.913E-10
7.377E-11
2.844E-11
1.097E-11
4.227E-12
1.63E-12
6.283E-13
2.422E-13
9.34E-14
3.808E-14
2.052E-14
