1.573
2.144
2.472
1.982
1.984
1.731
1.309
1.462
1.742
2.063
1.833
1.863
1.545
1.522
1.729
1.809
1.763
1.955
2.249
2.441
2.479
2.383
2.141
1.944
1.759
1.947
2.496
2.012
1.994
2.429
1.692
1.505
1.697
1.87
1.528
1.371
1.183
1.611
1.673
1.863
1.692
1.761
1.472
1.683
1.932
1.796
1.619
1.744
1.767
1.672
1.694
1.754
1.546
1.394
1.149
1.287
1.157
1.303
1.512
1.745
2.237
2.205
1.952
1.632
1.163
1.327
1.48
1.944
2.257
1.823
1.636
1.85
1.769
1.654
1.654
1.463
1.641
1.894
1.793
1.999
2.136
1.814
1.729
1.997
1.542
1.601
1.507
1.379
1.298
1.376
1.093
1.108
1.283
1.171
1.197
1.222
1.319
1.547
1.298
1.324
1.421
1.418
1.527
1.553
1.822
1.556
1.296
1.361
1.514
1.493
1.517
1.675
1.705
1.695
1.853
1.951
1.968
1.615
1.818
2.088
1.474
1.626
1.57
1.583
2.136
2.009
1.822
1.945
1.985
2.052
1.94
1.891
2.069
2.188
1.948
2.036
1.806
1.513
1.633
2.07
1.99
1.57
1.549
1.725
1.931
1.98
1.96
2.166
2.666
2.297
2.295
2.286
2.507
2.449
2.393
2.094
2.072
1.755
2.008
1.737
1.968
2.034
1.974
1.84
2.043
2.115
2.013
1.529
1.411
1.452
1.376
1.379
1.496
1.681
2.063
2.025
1.965
1.91
1.912
1.821
1.889
2.204
2.297
2.023
1.984
1.796
1.732
1.822
1.519
1.263
1.347
1.571
1.362
1.431
1.499
1.705
1.82
1.867
1.992
2.121
2.13
1.665
1.66
2.056
2.075
1.839
1.894
2.41
2.049
1.627
1.501
1.862
2.383
2.41
2.009
2.009
1.754
1.682
1.855
1.358
1.298
1.685
1.936
1.611
1.828
1.804
1.7
1.711
1.96
1.981
1.731
1.567
1.318
1.297
1.133
1.11
1.558
1.459
1.175
1.257
1.297
1.257
1.445
1.615
1.664
1.774
1.207
0.917
1.042
1.525
1.587
1.658
1.7
1.705
1.91
1.977
1.761
2.117
2.253
2.269
2.144
1.741
1.542
1.403
1.29
1.387
1.479
1.764
1.805
1.636
1.76
2.015
1.69
1.707
1.35
1.667
1.44
1.468
1.554
1.38
1.384
