1.497
1.802
2.028
2.356
2.184
2.537
2.376
2.688
2.86
2.723
2.87
2.93
2.779
2.627
2.396
2.317
2.107
2.358
2.027
2.295
2.327
2.048
2.174
2.143
1.681
1.521
1.652
1.898
2.089
2.109
2.45
2.604
2.134
1.584
1.865
2.082
2.055
2.174
2.555
2.477
2.073
2.164
2.095
2.13
1.963
2.078
2.794
2.948
3.162
3.751
3.281
2.785
2.354
2.013
2.294
2.851
3.436
3.422
2.811
2.584
2.372
2.197
2.115
2.216
2.31
2.048
1.857
1.886
1.603
2.159
3.067
3.28
2.955
3.255
3.189
2.533
2.078
2.262
2.281
2.312
1.999
1.722
2.066
2.466
2.868
2.716
2.646
1.995
1.774
1.785
2.154
2.09
1.731
1.826
2.069
2.238
2.143
2.119
1.756
1.895
1.811
1.926
1.72
1.819
1.726
1.918
1.871
1.55
1.468
1.224
1.371
1.491
1.499
1.58
1.813
1.944
2.092
2.627
2.388
2.381
2.221
2.214
2.12
1.776
1.459
1.521
1.471
1.422
1.635
1.726
1.682
1.189
1.09
1.261
1.691
1.883
1.973
1.943
1.957
1.759
1.334
1.327
1.782
2.011
2.223
2.85
2.265
2.062
1.985
1.886
1.901
1.63
1.385
1.679
2.111
2.109
2.452
2.61
2.873
3.56
3.682
3.478
3.327
2.976
2.706
2.781
3.274
2.696
2.68
2.525
2.269
2.225
1.739
1.865
1.979
1.741
1.694
1.919
1.936
2.155
2.313
2.112
1.908
2.298
2.32
2.047
2.361
4.259
9.11
20.119
31.493
36.326
33.878
28.721
22.577
12.527
9.152
9.517
12.525
15.557
16.159
12.84
9.486
6.411
4.37
3.97
3.834
3.857
3.523
3.779
3.805
3.373
2.537
1.746
1.561
1.524
1.64
1.743
1.529
1.23
1.155
1.331
1.864
2.689
2.455
1.938
1.725
1.544
1.781
2.3
2.345
1.713
1.476
1.5
1.475
1.21
1.469
1.588
1.853
2.377
2.754
2.476
2.087
1.869
1.731
1.495
1.071
0.414
0.159
0.061
0.024
0.009
0.004
0.001
0.001
2.019E-4
7.785E-5
3.001E-5
1.157E-5
4.461E-6
1.72E-6
6.631E-7
2.556E-7
9.856E-8
3.8E-8
1.465E-8
5.648E-9
2.177E-9
8.395E-10
3.236E-10
1.248E-10
4.81E-11
1.855E-11
7.15E-12
2.757E-12
1.063E-12
4.097E-13
1.58E-13
6.09E-14
2.483E-14
1.338E-14
