1.917
1.817
2.07
2.292
2.544
1.845
1.567
1.591
1.435
1.129
1.249
1.552
1.363
1.552
1.789
2.239
2.621
2.058
1.878
2.092
1.962
1.659
1.475
1.447
1.419
1.69
1.523
1.604
1.978
2.542
3.044
3.418
3.194
2.921
2.714
2.36
1.987
1.598
1.504
1.374
1.245
1.276
1.043
1.034
1.222
1.614
1.794
1.642
1.833
1.751
1.413
1.373
1.623
1.552
1.423
1.651
1.458
1.305
1.673
1.688
1.207
1.235
1.427
1.488
1.463
1.499
1.57
1.387
1.365
1.417
1.699
2.026
1.934
1.941
2.131
1.709
1.591
1.855
1.559
1.684
2.165
2.234
1.931
1.752
1.484
1.471
1.614
1.716
1.762
1.473
1.22
1.412
1.657
1.847
1.941
1.692
1.758
1.765
1.839
2.558
2.76
2.526
2.033
2.176
2.013
1.746
1.974
1.97
2.383
2.824
2.997
2.966
3.074
3.149
2.633
2.028
1.963
1.794
1.91
1.665
1.328
1.537
1.618
1.521
1.659
1.584
1.446
1.496
2.16
2.257
1.99
2.083
2.092
2.21
2.049
2.124
1.993
1.865
1.85
1.386
1.182
1.434
1.632
1.802
1.887
1.785
1.519
1.32
2.026
3.829
6.028
7.967
8.413
7.478
5.382
3.54
3.122
3.37
2.787
2.052
1.441
1.408
1.449
1.411
1.45
1.517
1.719
1.841
1.663
1.55
1.361
1.03
0.919
1.07
1.01
1.067
1.197
1.116
1.325
1.42
1.457
1.512
1.648
1.35
1.027
0.994
1.086
2.277
8.39
21.908
35.089
38.144
36.81
30.267
21.867
12.26
8.022
7.461
8.523
10.978
14.001
12.301
7.159
4.876
3.451
3.256
3.192
2.985
2.257
1.938
1.995
2.18
2.16
1.755
1.924
2.025
1.858
1.546
1.381
1.27
1.159
1.284
1.347
1.433
1.182
1.233
1.162
1.129
1.164
1.152
1.109
1.122
1.306
1.118
1.12
1.167
1.487
1.641
1.78
1.839
1.872
1.981
1.766
1.909
1.639
1.569
1.653
1.407
1.704
2.16
1.809
1.754
1.742
1.737
2.02
2.303
1.886
1.659
1.38
1.513
1.616
1.584
1.293
1.366
1.441
1.349
1.372
1.22
1.446
1.99
2.031
2.191
2.167
2.13
2.268
2.143
2.063
1.55
1.41
1.333
1.08
