2.709
2.493
2.358
2.314
2.228
2.37
2.497
2.456
1.951
1.909
1.98
1.888
1.751
1.748
1.718
1.665
1.831
1.483
1.255
1.206
1.114
1.228
1.316
1.442
1.557
1.646
1.958
2.342
2.419
2.374
1.878
1.711
1.446
1.217
1.464
1.8
1.982
1.949
1.94
1.537
1.558
1.546
1.609
1.902
2.106
2.464
2.225
1.596
1.174
1.18
1.633
1.885
2.445
2.601
2.363
2.976
3.25
2.343
2.012
2.436
2.585
2.693
2.854
2.838
3.258
3.284
2.465
1.931
1.493
1.824
1.878
1.473
1.157
1.074
1.212
1.684
2.047
2.405
2.872
3.11
2.787
2.177
2.13
2.073
1.692
2.398
3.141
3.214
2.175
1.928
1.777
1.909
2.255
2.758
2.657
2.497
2.036
1.929
2.238
2.474
2.177
1.862
2.129
2.027
2.234
2.679
2.427
2.087
2.181
2.131
2.049
1.895
1.968
1.667
1.38
1.179
1.228
1.208
1.289
1.817
2.306
2.405
2.076
2.296
2.877
2.962
2.544
2.857
2.502
1.892
1.552
1.767
1.819
1.976
2.402
2.134
2.49
2.106
2.076
1.657
1.461
1.832
2.009
2.356
2.487
2.629
3.099
3.32
3.303
2.693
2.389
1.941
2.042
1.834
2.085
2.046
1.904
1.605
1.386
1.761
2.128
1.701
1.692
1.913
1.901
1.972
1.83
1.43
1.381
1.476
1.623
1.856
2.325
2.653
2.669
3.074
2.945
2.611
2.533
2.863
3.87
6.102
11.508
19.328
25.278
26.5
24.422
22.159
25.042
34.023
39.133
38.726
34.947
28.279
18.465
8.96
5.711
6.106
7.421
8.888
10.351
9.818
6.712
5.235
4.391
3.127
2.437
1.992
1.631
1.93
2.309
2.247
2.382
2.146
2.046
1.902
1.913
2.004
2.477
2.597
2.451
2.063
2.168
2.054
1.782
1.875
1.856
1.86
1.749
2.003
1.94
1.846
1.487
1.389
1.564
1.323
1.43
1.406
1.37
1.433
1.46
1.367
1.252
1.32
1.332
1.058
0.757
0.243
0.101
0.038
0.015
0.006
0.002
0.001
3.239E-4
1.249E-4
4.815E-5
1.856E-5
7.156E-6
2.759E-6
1.064E-6
4.101E-7
1.581E-7
6.095E-8
2.35E-8
9.06E-9
3.493E-9
1.347E-9
5.192E-10
2.002E-10
7.717E-11
2.975E-11
1.147E-11
4.422E-12
1.705E-12
6.573E-13
2.534E-13
9.77E-14
3.766E-14
1.536E-14
8.274E-15
