2.117
1.959
1.849
1.85
1.876
1.853
1.661
1.778
2.17
2.019
1.229
1.32
1.67
1.573
1.548
1.661
1.595
1.72
2.209
3.172
3.402
2.962
2.416
2.331
2.256
1.795
1.411
1.504
1.273
1.242
1.277
1.349
1.445
1.611
1.705
1.433
1.667
2.002
2.279
2.269
2.208
2.391
2.663
2.353
1.765
1.792
1.823
2.034
2.265
2.318
2.269
2.292
2.129
1.816
1.698
1.552
1.643
1.882
2.135
2.062
1.721
1.499
1.847
2.064
2.089
1.933
1.729
1.66
1.928
2.029
1.787
1.627
1.546
1.775
2.085
2.044
1.688
1.918
2.401
2.808
2.786
2.082
1.663
1.453
1.49
1.615
1.44
1.174
1.272
1.253
1.474
1.591
1.52
1.325
1.194
1.251
1.346
1.319
1.14
1.249
1.575
1.474
1.374
1.302
1.328
1.222
1.52
1.604
1.374
1.578
1.678
2.025
2.239
2.266
2.502
2.415
2.895
3.269
3.303
3.004
2.98
3.356
2.948
2.045
1.989
1.932
2.073
2.245
2.181
2.536
2.771
2.584
2.44
1.977
1.69
1.323
1.245
1.337
1.823
2.135
2.412
2.653
2.34
1.703
1.892
1.871
1.954
1.955
2.118
2.298
2.18
2.248
1.895
1.433
1.388
1.454
1.421
1.702
2.218
2.024
1.673
1.676
1.438
1.501
1.934
1.935
1.926
1.38
1.278
1.603
2.113
2.616
2.934
2.943
2.972
2.742
2.409
1.836
1.877
2.04
2.297
2.248
2.324
2.256
2.28
1.783
2.066
3.944
10.364
23.61
35.712
37.501
35.22
30.23
22.289
14.261
9.772
9.573
10.386
12.533
12.88
10.492
7.303
4.46
3.155
2.848
2.677
2.241
1.748
1.962
2.052
1.912
1.724
1.587
1.531
2.001
1.996
1.984
2.445
2.376
1.932
2.128
2.129
2.065
1.96
1.986
1.869
2.068
1.947
1.872
2.361
3.096
3.071
2.899
2.474
2.305
2.49
2.803
2.885
2.643
2.581
2.08
1.888
1.911
2.22
2.534
2.386
1.885
1.947
1.973
1.998
2.111
1.827
1.713
1.726
1.983
2.421
2.281
2.188
1.986
1.748
1.705
1.927
1.607
1.662
2.118
2.501
2.584
2.313
2.296
2.219
1.87
1.863
2.14
2.183
2.046
2.321
2.412
2.627
2.234
1.793
