3.167
3.623
4.168
4.039
3.514
3.211
3.36
3.249
3.276
3.104
3.267
3.436
2.931
2.669
2.087
2.478
2.403
1.992
2.12
2.134
1.987
2.047
2.128
2.371
2.056
1.52
1.129
1.329
1.505
1.535
1.404
1.541
1.382
1.575
1.587
1.302
1.387
1.837
2.245
2.315
1.866
1.782
1.88
2.024
1.82
1.961
1.753
2.047
2.524
2.899
2.91
2.249
1.851
2.005
2.467
2.568
2.768
2.353
2.117
2.039
1.934
1.95
1.677
1.653
1.328
1.473
1.411
1.597
1.428
1.328
1.652
2.214
1.855
1.635
1.736
2.231
2.835
2.463
1.877
1.718
1.536
2.065
2.443
2.164
2.139
2.278
2.306
2.24
1.959
2.442
3.225
3.101
2.569
2.522
2.585
2.453
1.925
1.902
2.154
2.197
2.32
2.481
2.125
1.653
1.892
2.184
2.064
2.073
2.226
2.019
2.174
2.22
2.57
3.019
2.718
2.447
2.373
2.169
2.05
2.049
2.338
2.098
2.038
2.169
2.119
2.306
2.228
2.44
2.572
2.207
1.81
1.69
1.891
1.646
1.453
1.552
1.227
0.949
1.013
0.759
0.739
0.843
1.053
1.224
1.096
1.232
1.655
2.179
1.744
1.488
1.648
1.831
1.797
2.428
2.564
2.603
2.087
1.901
1.825
2.227
2.502
2.035
1.53
1.361
1.176
1.209
1.174
1.043
1.156
1.676
1.805
2.005
2.273
2.092
2.038
2.238
2.697
3.311
3.264
2.692
2.182
3.31
8.78
17.301
23.281
24.18
19.744
11.749
6.235
3.769
2.671
2.419
2.479
2.009
1.924
2.22
1.78
1.444
1.364
1.37
1.624
1.832
2.114
1.528
1.424
1.54
1.541
1.283
1.39
1.594
1.738
1.467
1.312
1.616
1.53
1.686
1.947
2.309
2.308
2.372
2.073
1.759
1.564
1.922
2.552
2.419
2.275
2.128
1.972
1.744
1.924
2.039
1.621
1.448
1.526
1.595
1.526
1.728
1.728
1.476
1.637
1.67
1.356
1.291
1.247
1.401
1.135
0.377
0.154
0.058
0.023
0.009
0.003
0.001
4.981E-4
1.92E-4
7.403E-5
2.854E-5
1.1E-5
4.242E-6
1.635E-6
6.305E-7
2.431E-7
9.372E-8
3.613E-8
1.393E-8
5.371E-9
2.071E-9
7.983E-10
3.078E-10
1.187E-10
4.574E-11
1.764E-11
6.799E-12
2.621E-12
1.011E-12
3.896E-13
1.502E-13
5.791E-14
2.361E-14
1.272E-14
