2.467
2.323
2.467
2.267
1.706
1.548
1.7
1.516
1.391
1.354
1.479
1.788
1.99
2.391
2.186
2.346
2.77
2.751
2.589
2.345
2.656
2.791
2.176
1.868
1.567
1.603
1.669
1.804
1.674
1.429
1.372
1.276
1.569
1.752
1.801
1.609
1.589
1.617
1.184
1.298
1.427
1.509
1.789
2.14
2.617
2.434
1.985
1.791
1.637
1.61
1.642
1.815
1.57
1.505
1.635
1.914
1.872
1.547
1.611
1.598
1.802
2.356
2.568
1.932
1.684
1.632
1.917
1.782
1.694
1.516
1.426
1.571
1.813
1.814
1.96
1.913
1.527
1.435
1.492
1.403
1.267
1.469
1.573
1.452
1.387
1.536
1.58
1.963
1.453
1.439
1.324
1.41
1.41
1.21
1.238
1.467
1.8
2.277
2.222
2.183
1.963
1.706
2.058
2.386
2.12
2.426
2.347
2.397
2.351
2.066
1.958
2.047
1.9
1.701
2.06
1.916
1.926
1.731
1.743
1.918
1.709
1.811
2.02
1.922
1.684
1.636
1.382
1.698
1.846
2.056
1.889
1.98
1.817
1.655
1.76
1.908
1.899
1.819
1.804
2.175
1.827
1.418
1.312
1.527
2.24
2.544
2.36
2.487
3.1
4.427
6.57
8.938
9.817
8.212
5.791
4.041
3.563
3.147
2.496
2.509
2.362
2.337
2.866
3.479
3.735
3.437
2.792
2.057
1.786
1.758
1.984
2.448
2.629
2.851
3.07
2.694
2.605
2.055
1.763
1.672
1.503
1.484
1.813
1.559
1.15
1.207
1.232
1.463
1.736
1.748
1.773
1.322
1.085
1.31
1.711
1.498
1.338
1.326
1.399
1.581
1.99
1.722
1.728
2.299
2.564
2.457
2.204
2.586
2.237
2.199
1.93
2.195
2.404
1.963
1.531
1.589
2.008
2.166
1.963
1.648
1.728
2.282
2.183
1.656
1.638
1.913
2.196
2.374
2.588
2.676
2.404
1.896
1.97
1.807
1.823
1.62
1.645
1.64
1.521
1.502
1.495
1.449
1.405
1.783
1.794
1.72
1.524
1.277
1.46
1.883
2.037
2.089
1.845
1.546
1.467
1.442
1.332
1.3
1.257
1.114
1.216
1.407
1.324
1.368
1.518
1.628
1.47
1.572
2.097
2
2.125
1.914
1.454
1.435
2.073
2.32
2.166
2.248
2.329
1.746
1.431
