2.944
2.698
2.876
2.552
2.605
2.367
2.784
2.829
2.967
2.788
2.856
3.11
3.046
2.693
2.587
2.524
2.105
2.148
2.056
2.544
2.94
2.605
2.349
2.346
2.388
2.562
2.685
2.764
3.088
2.998
3.034
2.763
2.385
2.703
2.53
2.462
2.661
2.832
2.219
2.407
2.613
2.006
2.003
2.642
3.213
3.158
3.419
3.282
2.438
1.997
1.932
1.983
1.724
2.116
2.357
2.538
2.555
2.257
1.767
2.085
2.483
2.667
2.587
2.627
2.743
2.465
2.325
2.451
2.802
2.413
2.222
1.756
1.329
1.787
2.501
3.481
3.895
3.047
2.59
2.584
2.644
2.7
2.741
2.525
2.527
2.779
3.072
3.156
2.979
2.868
2.89
2.965
2.862
3.031
3.162
3.248
3.395
3.636
3.117
2.894
2.754
2.8
3.259
3.236
3.224
3.146
3.01
2.732
2.096
2.037
1.859
2.039
2.091
2.231
2.294
2.387
2.169
2.252
2.48
2.864
3.242
2.562
2.496
2.765
2.969
2.487
1.988
1.957
2.126
1.965
1.958
2.135
2.546
3.055
3.654
3.597
2.983
2.695
2.787
2.866
2.549
2.822
3.044
3.043
2.791
2.579
2.586
2.703
3.143
3.33
2.925
2.152
1.768
1.786
2.128
2.306
2.567
2.604
2.506
2.581
2.791
3.303
3.857
3.394
2.901
2.785
2.414
2.412
2.529
2.699
3.449
3.194
3
3.274
3.375
3.081
2.785
2.398
2.391
2.843
3.009
3.934
5.904
6.4
6.846
7.409
6.415
5.624
6.535
8.328
10.54
10.823
8.714
7.883
6.853
5.852
3.993
3.562
3.593
4.086
3.26
3.124
2.901
2.592
2.289
1.916
1.851
1.692
1.434
1.632
1.934
2.123
2.177
2.444
2.578
2.478
2.187
2.25
2.226
1.986
2.274
2.601
2.928
3.03
2.966
3.184
2.55
2.424
2.415
2.669
2.592
2.581
2.953
2.675
2.709
2.725
2.959
2.341
2.15
2.178
2.125
1.738
1.6
1.718
1.926
1.996
1.641
0.778
0.279
0.111
0.042
0.016
0.006
0.002
0.001
3.607E-4
1.391E-4
5.361E-5
2.067E-5
7.969E-6
3.072E-6
1.184E-6
4.566E-7
1.76E-7
6.787E-8
2.617E-8
1.009E-8
3.889E-9
1.5E-9
5.781E-10
2.229E-10
8.593E-11
3.313E-11
1.277E-11
4.924E-12
1.898E-12
7.319E-13
2.822E-13
1.088E-13
4.436E-14
2.39E-14
