2.681
2.55
2.51
2.563
2.763
2.956
2.818
2.475
2.766
2.874
2.482
2.516
2.936
2.873
2.65
2.608
3.058
3.202
2.826
2.332
2.063
2.392
2.566
2.465
2.402
2.554
2.849
3.161
3.017
2.812
2.881
3.121
2.759
2.627
2.542
3.038
3.177
2.817
2.45
2.294
2.358
2.112
1.817
2.353
3.086
3.454
3.375
3.176
3.1
2.84
2.805
2.583
2.576
2.632
3.068
2.69
2.511
2.363
2.173
2.392
2.631
2.715
2.284
2.19
2.586
2.356
2.055
1.725
1.666
2.074
2.564
2.647
2.756
3.018
3.242
3.058
2.95
2.817
2.527
2.589
2.715
2.968
2.685
2.555
2.753
3.135
3.574
3.801
3.817
3.247
3.048
2.712
2.319
2.673
2.8
2.757
2.362
2.241
1.811
1.556
1.707
1.822
1.896
1.952
1.951
2.154
2.362
2.102
2.533
2.713
2.265
1.993
2.158
2.62
2.949
2.864
2.817
3.05
2.657
2.481
2.256
2.212
2.348
2.31
2.13
2.064
2.19
2.279
2.415
2.078
1.826
1.698
1.527
1.632
1.794
1.428
1.305
1.46
1.658
1.835
1.826
1.8
1.592
1.399
1.405
1.55
1.851
2.048
2.012
2.2
2.313
2.23
2.408
2.873
2.875
2.634
2.208
1.91
2.159
2.804
2.403
2.507
2.785
2.506
1.992
1.954
2.069
2.442
2.71
2.519
2.763
2.803
2.5
2.264
1.985
1.807
1.571
1.595
1.652
2.13
2.192
2.437
2.094
1.914
1.331
1.619
1.877
2.336
2.931
4.587
6.568
8.156
7.869
8.154
7.619
6.811
6.286
5.825
6.379
7.006
6.704
5.671
5.167
4.153
3.499
3.143
3.106
2.472
2.127
1.676
1.893
1.715
1.722
2.125
2.217
2.346
2.436
2.532
1.945
1.941
2.576
2.584
2.021
1.879
1.84
1.804
1.831
1.71
1.847
1.767
2.036
2.069
1.907
2.088
2.621
2.533
2.973
2.795
2.866
2.549
2.277
2.193
1.872
1.855
1.866
1.826
1.466
0.511
0.205
0.078
0.03
0.012
0.004
0.002
0.001
2.566E-4
9.891E-5
3.813E-5
1.47E-5
5.668E-6
2.185E-6
8.425E-7
3.248E-7
1.252E-7
4.828E-8
1.861E-8
7.176E-9
2.767E-9
1.067E-9
4.112E-10
1.585E-10
6.112E-11
2.356E-11
9.085E-12
3.503E-12
1.35E-12
5.206E-13
2.007E-13
7.738E-14
3.155E-14
1.7E-14
