1.863
1.437
1.698
2.031
2.04
1.824
2.125
2.32
2.561
2.843
2.414
2.078
2.546
2.412
2.383
2.492
2.503
2.175
2.116
2.214
2.297
2.428
2.166
1.814
1.761
1.715
1.613
1.727
1.698
2.156
2.424
2.127
2.148
2.35
2.639
2.743
2.245
1.999
2.306
2.051
2.219
2.14
2.329
2.475
2.697
3.023
2.757
2.929
2.876
2.781
2.399
1.836
2.039
2.232
2.779
2.881
3.375
3.472
3.123
2.801
2.212
2.194
2.296
2.149
1.969
1.797
1.742
1.822
2.055
2.292
2.15
2.299
2.666
2.808
2.453
2.413
2.484
2.344
2.239
2.03
2.125
1.915
1.949
2.153
2.548
2.746
2.699
2.556
2.413
2.361
2.331
2.323
1.851
1.523
1.854
1.914
2.075
1.867
2.174
2
1.828
1.854
1.924
2.097
1.993
2.007
2.655
3.016
3.176
3.219
3.118
3.419
3.805
3.423
2.758
2.905
2.902
2.741
3.507
3.496
2.999
2.687
2.298
2.119
1.952
1.935
2.042
2.741
3.043
2.841
2.595
2.464
2.25
2.192
2.453
2.584
2.77
2.877
2.882
2.335
2.641
2.756
2.838
2.877
2.758
2.267
1.944
2.212
2.462
2.504
2.552
2.375
2.53
2.458
1.855
1.941
2.235
2.435
2.434
2.466
2.141
2.203
2.418
2.657
2.619
2.595
2.139
1.89
1.785
1.901
2.317
2.909
3.08
2.581
2.478
2.575
2.899
3.274
2.994
3.141
2.894
3.197
3.426
3.227
3.167
2.752
2.264
2.533
3.57
5.521
8.113
10.178
10.422
9.308
7.722
7
5.663
5.033
4.841
5.339
5.993
5.583
4.581
3.702
3.253
3.206
2.757
2.338
2.108
2.296
1.95
1.791
1.67
1.727
1.804
1.841
1.895
1.763
1.885
2.025
2.14
2.446
2.517
2.352
2.204
2.715
3.29
3.556
3.673
3.27
2.88
2.869
2.871
2.761
2.928
2.983
2.823
2.394
2.082
2.183
2.482
2.821
2.917
2.474
2.233
2.424
2.68
2.577
2.779
2.413
2
2.402
2.47
2.418
3.205
3.272
3.137
3.463
3.516
3.731
3.505
3.329
3.687
3.325
2.748
2.567
2.441
2.474
2.528
2.817
2.432
1.803
1.992
1.83
2.187
2.642
2.817
2.948
2.786
2.502
2.274
