1.829
1.96
2.08
2.11
1.826
1.359
1.272
1.329
1.385
1.25
1.495
1.839
2.248
2.495
2.554
2.328
2.273
1.707
1.582
1.68
2.129
2.523
2.427
1.933
1.784
1.691
1.694
2.172
2.434
2.368
2.512
2.666
2.646
2.667
2.366
2.496
2.608
2.12
1.903
1.656
1.763
1.949
1.61
1.285
1.259
1.661
2.096
2.613
2.573
2.224
2.323
1.797
1.439
1.301
1.452
1.727
2.135
2.203
2.381
2.27
2.562
2.378
2.346
2.361
2.404
2.162
2.191
2.199
2.54
2.51
2.528
2.595
2.685
2.418
2.454
2.067
2.258
2.089
1.944
1.855
1.817
1.638
1.628
1.468
1.419
1.712
2.418
2.641
2.545
2.628
2.352
2.019
2.229
2.258
2.291
2.543
2.41
2.112
2.057
2.148
2.168
2.31
2.178
2.402
2.371
2.081
1.84
1.94
2.499
2.495
2.424
2.807
2.673
3.2
3.556
2.981
2.754
2.392
2.416
2.117
2.247
2.197
2.33
2.404
2.354
2.131
2.291
2.333
2.446
2.668
2.302
1.945
1.583
1.554
1.562
1.603
1.83
1.961
1.71
1.607
2.005
2.075
2.134
2.165
2.191
2.885
3.037
2.626
2.488
2.894
3.37
3.584
3.286
3.334
2.985
2.644
2.415
2.331
2.738
2.523
2.056
2.178
1.993
2.147
2.206
1.688
1.484
1.308
1.644
1.952
1.827
1.5
1.412
1.32
1.287
1.31
1.572
1.735
1.98
2.027
2.06
1.491
1.358
1.558
1.807
1.878
1.594
2.089
3.165
4.228
6.341
8.717
8.945
8.748
9.136
8.11
6.225
5.124
4.903
6.055
6.583
5.889
5.02
4.009
3.227
3.308
3.094
2.937
3.109
2.722
2.295
1.67
1.798
1.828
1.35
1.409
1.781
1.915
1.999
1.909
1.79
2.193
2.187
2.422
2.635
2.595
2.438
2.331
2.751
2.604
2.145
1.855
1.565
1.743
1.93
2.068
2.066
1.937
1.886
1.935
1.946
1.865
2.156
2.109
1.99
2.016
2.027
2.158
2.243
2.782
3.341
3.464
3.124
2.683
2.661
2.305
2.25
2.089
2.047
2.546
2.525
2.584
2.486
2.468
2.397
2.557
2.646
3.142
3.063
2.877
2.987
2.596
2.816
2.772
2.855
2.797
2.586
2.095
1.875
1.629
1.096
