3.432
3.562
3.491
3.417
3.547
3.577
3.645
2.79
2.745
2.693
2.627
2.365
2.411
2.672
2.576
2.528
2.539
2.516
1.94
1.663
1.978
2.219
2.378
2.473
2.583
2.517
2.522
2.625
2.574
2.43
2.585
3.047
2.814
2.958
2.762
2.706
2.396
2.694
2.725
2.576
2.171
2.411
2.465
2.693
2.83
2.356
2.369
2.692
2.7
2.768
2.736
2.705
2.983
3.136
2.85
2.671
2.6
2.575
2.913
2.743
2.329
2.338
2.567
2.512
2.409
1.928
1.887
1.916
1.884
2.002
2.185
2.253
1.968
1.808
2.105
2.019
2.152
2.446
2.395
2.366
2.608
2.327
2.774
3.042
2.948
3.019
3.17
3.01
3.03
3.032
2.771
2.406
2.129
1.88
2.378
2.488
2.155
2.141
2.75
3.206
3.157
3.025
2.343
1.953
1.972
2.008
1.987
2.031
1.704
2.04
2.533
2.58
2.651
2.818
3.319
2.878
2.478
2.476
2.792
2.581
2.195
2.114
1.845
1.972
2.274
2.125
1.634
1.876
2.082
2.358
2.343
2.288
2.491
2.518
2.715
2.811
2.614
2.362
1.891
1.628
1.537
1.605
1.586
1.768
1.879
2.175
2.51
3.367
2.845
2.35
2.499
2.995
3.118
3.18
2.868
2.668
2.402
2.257
2.304
2.718
2.65
2.134
1.869
1.845
1.93
1.69
2.04
2.214
1.917
2.264
2.881
3.132
2.544
2.739
2.43
2.603
2.935
3.547
3.823
3.261
2.823
2.947
3.905
5.22
5.853
5.316
5.37
4.477
3.537
2.888
2.405
2.303
2.167
2.55
2.361
2.326
2.213
2.215
1.818
1.921
2.26
2.221
2.113
1.807
1.975
2.082
2.467
2.728
2.596
2.305
1.989
1.481
1.659
1.82
2.142
2.225
2.318
2.242
2.089
2.154
2.235
2.286
2.089
2.163
2.174
2.343
2.727
2.572
2.551
2.356
2.304
2.674
2.594
2.35
2.011
1.862
2.062
1.756
1.83
2.049
2.063
2.058
2.452
2.651
2.36
2.304
1.75
0.66
0.257
0.099
0.038
0.015
0.006
0.002
0.001
3.241E-4
1.249E-4
4.817E-5
1.857E-5
7.16E-6
2.76E-6
1.064E-6
4.103E-7
1.582E-7
6.099E-8
2.351E-8
9.065E-9
3.495E-9
1.347E-9
5.195E-10
2.003E-10
7.721E-11
2.977E-11
1.148E-11
4.425E-12
1.706E-12
6.576E-13
2.535E-13
9.775E-14
3.986E-14
2.147E-14
