2.647
2.538
2.86
2.699
2.415
2.245
2.348
2.234
2.156
2.325
2.448
2.615
2.736
2.297
1.789
2.133
2.508
2.76
2.567
2.225
2.536
2.705
2.893
2.834
2.955
3.139
2.822
2.275
2.151
2.228
2.126
2.106
2.382
2.584
2.455
2.471
2.325
2.642
2.495
2.451
2.353
2.692
2.781
2.808
2.907
3.111
2.671
2.125
1.919
2.009
1.966
2.332
2.352
2.376
2.528
2.46
2.37
2.386
2.559
2.85
3.27
3.213
2.77
2.07
2.079
1.693
1.362
1.512
1.697
1.698
1.34
1.361
1.517
1.697
1.906
1.741
1.59
1.49
1.446
1.696
2.005
1.956
2.018
1.952
1.92
1.825
2.173
2.454
2.559
2.344
1.787
1.647
1.607
1.633
1.681
1.928
2.226
2.5
2.111
2.256
2.096
2.392
2.083
1.952
1.92
1.87
2.154
2.285
2.487
2.551
2.085
2.14
2.058
2.176
2.198
2.341
2.448
2.272
2.016
2.148
2.092
1.953
1.958
2.218
2.059
2.355
2.767
3.064
2.962
2.622
2.713
3.003
3.09
2.751
2.29
1.972
1.847
1.723
1.652
1.893
2.028
1.817
1.72
1.846
1.876
2.126
2.126
2.281
2.131
2.555
3.309
3.734
3.739
3.453
2.763
2.7
2.379
1.798
1.76
1.907
2.081
2.352
2.325
2.441
2.209
1.947
1.897
2.011
1.903
1.685
1.484
1.554
2.018
2.052
2.449
2.602
2.701
2.558
2.318
2.091
1.955
2.002
2.183
2.165
2.094
1.84
1.887
2.106
1.936
2.015
1.717
1.856
1.775
1.75
1.668
1.748
2.187
2.646
2.431
2.831
2.701
2.847
2.534
2.594
2.472
2.086
2.138
1.716
1.851
1.876
1.682
1.923
2.292
2.227
2.213
2.495
2.389
2.534
2.538
2.438
2.159
2.208
2.087
1.889
1.699
1.418
1.711
2.328
2.483
2.117
1.716
1.478
1.351
1.501
1.606
1.426
1.242
1.395
1.494
1.737
1.794
1.758
1.982
2.087
2.138
2.356
2.544
2.206
2.185
2.318
2.592
2.854
2.865
2.512
2.131
2.153
2.109
2.009
1.95
2.22
2.219
2.073
1.991
1.912
2.128
1.927
1.67
1.487
1.756
1.891
2.053
2.367
2.753
3.184
2.82
2.691
2.834
3.253
3.071
2.562
1.743
